              best   ____________rate__________    ________statistics________    ________last_______    ______sum-of________
mode guard #  rate  [name   idx airtime  max_tp]  [avg(tp) avg(prob) sd(prob)]  [prob.|retry|suc|att]  [#success | #attempts]
HT20  LGI  1         MCS0     0    1477     5.6       5.6     100.0      0.0     100.0   3     0 0             1   1
HT20  LGI  1         MCS1     1     739    10.5      10.5     100.0      0.0     100.0   0     0 0             1   1
HT20  LGI  1         MCS2     2     493    14.9      14.9     100.0      0.0     100.0   0     0 0             1   1
HT20  LGI  1         MCS3     3     369    18.7      18.7     100.0      0.0     100.0   0     0 0             1   1
HT20  LGI  1         MCS4     4     246    25.3      25.3     100.0      0.0     100.0   0     0 0             1   1
HT20  LGI  1         MCS5     5     185    30.6      30.6     100.0      0.0     100.0   0     0 0             1   1
HT20  LGI  1         MCS6     6     164    32.9      32.9     100.0      0.0     100.0   0     0 0             1   1
HT20  LGI  1         MCS7     7     148    35.0      35.0     100.0      0.0     100.0   0     0 0             1   1
HT20  LGI  2         MCS8    10     739    10.5      10.5     100.0      0.0     100.0   0     0 0             1   1
HT20  LGI  2         MCS9    11     369    18.7      18.7     100.0      0.0     100.0   0     0 0             1   1
HT20  LGI  2         MCS10   12     246    25.3      25.3     100.0      0.0     100.0   0     0 0             1   1
HT20  LGI  2         MCS11   13     185    30.6      30.6     100.0      0.0     100.0   0     0 0             1   1
HT20  LGI  2         MCS12   14     123    38.9      38.9     100.0      0.0     100.0   0     0 0             1   1
HT20  LGI  2         MCS13   15      93    44.8      44.8     100.0      0.0     100.0   0     0 0             1   1
HT20  LGI  2         MCS14   16      82    47.3      47.3     100.0      0.0     100.0   6     0 0            29   29
HT20  LGI  2         MCS15   17      74    49.4      49.4     100.0      0.0     100.0   0     0 0             1   1
HT20  SGI  1         MCS0    30    1329     6.2       6.2     100.0      0.0     100.0   0     0 0             1   1
HT20  SGI  1         MCS1    31     665    11.5      11.5     100.0      0.0     100.0   0     0 0             1   1
HT20  SGI  1         MCS2    32     443    16.1      16.1     100.0      0.0     100.0   0     0 0             1   1
HT20  SGI  1         MCS3    33     332    20.2      20.2     100.0      0.0     100.0   0     0 0             1   1
HT20  SGI  1         MCS4    34     222    27.1      27.1     100.0      0.0     100.0   0     0 0             1   1
HT20  SGI  1         MCS5    35     166    32.8      32.8     100.0      0.0     100.0   0     0 0             1   1
HT20  SGI  1         MCS6    36     148    35.0      35.0     100.0      0.0     100.0   0     0 0             1   1
HT20  SGI  1         MCS7    37     133    37.2      37.2     100.0      0.0     100.0   0     0 0             1   1
HT20  SGI  2         MCS8    40     665    11.5      11.5     100.0      0.0     100.0   0     0 0             1   1
HT20  SGI  2         MCS9    41     332    20.2      20.2     100.0      0.0     100.0   0     0 0             1   1
HT20  SGI  2         MCS10   42     222    27.1      27.1     100.0      0.0     100.0   0     0 0             1   1
HT20  SGI  2         MCS11   43     166    32.8      32.8     100.0      0.0     100.0   0     0 0             1   1
HT20  SGI  2         MCS12   44     111    41.0      41.0     100.0      0.0     100.0   0     0 0             1   1
HT20  SGI  2         MCS13   45      83    46.9      46.9     100.0      0.0     100.0   0     0 0             1   1
HT20  SGI  2         MCS14   46      74    49.2      49.2     100.0      0.0     100.0   6     0 0             1   1
HT20  SGI  2         MCS15   47      67    51.4      51.4     100.0      0.0     100.0   0     0 0             1   1
HT40  LGI  1         MCS0    60     711    10.8      10.8     100.0      0.0     100.0   0     0 0             1   1
HT40  LGI  1         MCS1    61     356    19.3      19.3     100.0      0.0     100.0   0     0 0             1   1
HT40  LGI  1         MCS2    62     237    25.9      25.9     100.0      0.0     100.0   0     0 0             1   1
HT40  LGI  1         MCS3    63     178    31.4      31.4     100.0      0.0     100.0   0     0 0             1   1
HT40  LGI  1         MCS4    64     119    39.6      39.6     100.0      0.0     100.0   0     0 0             1   1
HT40  LGI  1         MCS5    65      89    45.6      45.6     100.0      0.0     100.0   0     0 0             1   1
HT40  LGI  1         MCS6    66      79    47.9      47.9     100.0      0.0     100.0   6     0 0             1   1
HT40  LGI  1         MCS7    67      71    50.2      50.2     100.0      0.0     100.0   6     0 0             1   1
HT40  LGI  2         MCS8    70     356    19.3      19.3     100.0      0.0     100.0   0     0 0             1   1
HT40  LGI  2         MCS9    71     178    31.4      31.4     100.0      0.0     100.0   0     0 0             1   1
HT40  LGI  2         MCS10   72     119    39.6      39.6     100.0      0.0     100.0   0     0 0             1   1
HT40  LGI  2         MCS11   73      89    45.6      45.6     100.0      0.0     100.0   0     0 0             1   1
HT40  LGI  2         MCS12   74      60    53.7      53.7     100.0      0.0     100.0   0     0 0             1   1
HT40  LGI  2         MCS13   75      45    58.8      58.8     100.0      0.0     100.0   0     0 0             1   1
HT40  LGI  2         MCS14   76      40    60.8      60.8      99.2      1.2      97.1   6     0 0            77   79
HT40  LGI  2         MCS15   77      36    62.5      62.5      98.5      0.2      94.1   6     0 0            34   35
HT40  SGI  1         MCS0    90     640    11.9      11.9     100.0      0.0     100.0   0     0 0             1   1
HT40  SGI  1         MCS1    91     320    20.9      20.9     100.0      0.0     100.0   0     0 0             1   1
HT40  SGI  1         MCS2    92     214    27.9      27.9     100.0      0.0     100.0   0     0 0             1   1
HT40  SGI  1         MCS3    93     160    33.4      33.4     100.0      0.0     100.0   0     0 0             1   1
HT40  SGI  1         MCS4    94     107    41.8      41.8     100.0      0.0     100.0   0     0 0             1   1
HT40  SGI  1         MCS5    95      80    47.7      47.7     100.0      0.0     100.0   0     0 0             1   1
HT40  SGI  1         MCS6    96      71    50.0      50.0     100.0      0.0     100.0   6     0 0             1   1
HT40  SGI  1         MCS7    97      64    52.1      52.1     100.0      0.0     100.0   6     0 0             1   1
HT40  SGI  2         MCS8   100     320    20.9      20.9     100.0      0.0     100.0   0     0 0             1   1
HT40  SGI  2         MCS9   101     160    33.4      33.4     100.0      0.0     100.0   0     0 0             1   1
HT40  SGI  2         MCS10  102     107    41.8      41.8     100.0      0.0     100.0   0     0 0             1   1
HT40  SGI  2         MCS11  103      80    47.7      47.7     100.0      0.0     100.0   0     0 0             1   1
HT40  SGI  2         MCS12  104      54    55.5      55.5     100.0      0.0     100.0   0     0 0             1   1
HT40  SGI  2         MCS13  105      40    60.7      60.7     100.0      0.0     100.0   0     0 0             1   1
HT40  SGI  2         MCS14  106      36    62.5      62.5     100.0      0.0     100.0   6     0 0            54   54
HT40  SGI  2  ABCDP  MCS15  107      32    64.0      64.0      99.9      0.0     100.0   6     1 1        154939   171528

Total packet count::    ideal 1753      lookaround 63
Average # of aggregated frames per A-MPDU: 1.0

